3.863180577754974365e-01
4.340683817863464355e-01
-2.256338447332382202e-01
1.045716404914855957e-01
3.162735104560852051e-01
-1.983553171157836914e-02
-5.384295806288719177e-02
-5.343697667121887207e-01
-3.698962926864624023e-01
3.065857291221618652e-01
8.598160929977893829e-03
-8.814795874059200287e-03
-4.389986693859100342e-01
-2.450661808252334595e-01
2.804980576038360596e-01
3.956429362297058105e-01
-5.294695496559143066e-02
4.462423622608184814e-01
-3.622794449329376221e-01
-3.618597686290740967e-01
4.871723800897598267e-02
2.091133892536163330e-01
3.705780208110809326e-01
-4.637090563774108887e-01
1.816077232360839844e-01
2.834788560867309570e-01
4.074208140373229980e-01
-4.803343117237091064e-01
1.831133663654327393e-01
9.375748038291931152e-02
3.953498005867004395e-01
-4.326232969760894775e-01
4.063398838043212891e-01
-3.894311189651489258e-01
2.418319731950759888e-01
-2.475080043077468872e-01
-1.645326167345046997e-01
-2.025532275438308716e-01
-2.014851421117782593e-01
1.333875656127929688e-01
5.196594595909118652e-01
4.107822477817535400e-01
3.427920341491699219e-01
-4.170999228954315186e-01
-8.141337335109710693e-02
3.229439258575439453e-01
-1.229763850569725037e-01
-1.620018780231475830e-01
1.216642260551452637e-01
2.583943903446197510e-01
-4.485361278057098389e-02
5.070866942405700684e-01
4.276917278766632080e-01
-5.260946750640869141e-01
-4.252566769719123840e-02
1.958030164241790771e-01
-1.871525496244430542e-01
3.751213103532791138e-02
-2.104921191930770874e-01
6.601392626762390137e-01
-2.799596190452575684e-01
3.120840787887573242e-01
8.686344139277935028e-03
6.985142827033996582e-01
2.432286143302917480e-01
1.004323661327362061e-01
-7.308712601661682129e-01
3.027598261833190918e-01
-4.185583069920539856e-02
9.387814998626708984e-02
-2.819329500198364258e-01
-2.481336519122123718e-02
-4.851297140121459961e-01
4.114283025264739990e-01
-8.244561962783336639e-03
-4.342378973960876465e-01
5.495808124542236328e-01
-6.429079771041870117e-01
4.115710258483886719e-01
-1.854904592037200928e-01
-1.267555713653564453e+00
-3.860508203506469727e-01
-2.663127183914184570e-01
7.031678557395935059e-01
3.076729178428649902e-01
-1.022570610046386719e+00
-4.541800022125244141e-01
-8.414212465286254883e-01
-3.042914271354675293e-01
2.934919595718383789e-01
-7.761169672012329102e-01
-4.355284273624420166e-01
1.680459022521972656e+00
2.165414392948150635e-01
-7.158315181732177734e-01
1.642388105392456055e+00
6.862736940383911133e-01
-2.005962580442428589e-01
4.262349307537078857e-01
-5.628677010536193848e-01
-2.282954454421997070e-01
9.089746475219726562e-01
2.772951722145080566e-01
2.665033340454101562e-01
4.438981711864471436e-01
-7.496215701103210449e-01
9.370980411767959595e-02
4.280088543891906738e-01
-1.974842071533203125e+00
7.722978591918945312e-01
2.642155587673187256e-01
-9.570229649543762207e-01
7.958750724792480469e-01
-2.746302485466003418e-01
6.197956204414367676e-01
-9.286490678787231445e-01
-1.604357212781906128e-01
1.275772213935852051e+00
8.386154770851135254e-01
5.863298177719116211e-01
2.604006826877593994e-01
-9.756566882133483887e-01
8.818786740303039551e-01
3.955719992518424988e-02
-1.151862859725952148e+00
2.670535147190093994e-01
5.077064037322998047e-01
-1.578221917152404785e+00
